[11  5 83  0 58 57 16 12 32 48]
Array con linspace: [ 0.          0.20408163  0.40816327  0.6122449   0.81632653  1.02040816
  1.2244898   1.42857143  1.63265306  1.83673469  2.04081633  2.24489796
  2.44897959  2.65306122  2.85714286  3.06122449  3.26530612  3.46938776
  3.67346939  3.87755102  4.08163265  4.28571429  4.48979592  4.69387755
  4.89795918  5.10204082  5.30612245  5.51020408  5.71428571  5.91836735
  6.12244898  6.32653061  6.53061224  6.73469388  6.93877551  7.14285714
  7.34693878  7.55102041  7.75510204  7.95918367  8.16326531  8.36734694
  8.57142857  8.7755102   8.97959184  9.18367347  9.3877551   9.59183673
  9.79591837 10.        ] 
Array random: [0.13739042 0.00480101 0.31148493 0.21100092 0.9319082  0.39593158
 0.8160214  0.69717721 0.05409012 0.85246478 0.7893986  0.54149506
 0.66085779 0.42327519 0.75071242 0.93130593 0.08198078 0.84829517
 0.5835552  0.21945773 0.67381428 0.56941516 0.33967791 0.07133505
 0.59290886 0.68382995 0.43402503 0.21139337 0.12713592 0.10170137
 0.42229214 0.31072353 0.93293101 0.68161472 0.90690046 0.09156771
 0.12076205 0.40813557 0.20663787 0.08432086 0.01569947 0.70702375
 0.67081902 0.63946541 0.83394704 0.52054985 0.38309624 0.0649397
 0.98502972 0.64151359] 
Somma array: [ 0.13739042  0.20888264  0.71964819  0.82324582  1.74823473  1.41633975
  2.04051119  2.12574864  1.68674318  2.68919948  2.83021493  2.78639302
  3.10983739  3.07633642  3.60785528  3.99253042  3.3472869   4.31768292
  4.25702459  4.09700875  4.75544693  4.85512945  4.82947383  4.7652126
  5.49086804  5.78587076  5.74014748  5.72159745  5.84142163  6.02006872
  6.54474112  6.63725415  7.46354325  7.41630859  7.84567597  7.23442485
  7.46770083  7.95915598  7.96173991  8.04350454  8.17896477  9.07437069
  9.24224759  9.41497562  9.81353887  9.70422332  9.77085134  9.65677644
 10.78094809 10.64151359] 
Somma elementi array somma: 273.6758110733544 
Somma elementi maggiori di 5: 205.45243361195372
